total:
  Algo: 3.9655329999999847
  USDC: 1.412720000000002
  goBTC: 0.0
current:
  Algo: 0.0
  USDC: 0.6224550000000001
  goBTC: 0.0
