total:
  Algo: 13.377315000000058
  USDC: 3.4509909999999913
  goBTC: 2.1080000000000056e-05
current:
  Algo: 0.0
  USDC: 0.21019100000000002
  goBTC: 0.0
