total:
  Algo: 13.714836000000039
  USDC: 3.4509909999999913
  goBTC: 2.1080000000000056e-05
current:
  Algo: 0.3375209999999811
  USDC: 0.21019100000000002
  goBTC: 0.0
