total:
  Algo: 17.05326900000005
  USDC: 3.4509909999999913
  goBTC: 2.108e-05
  goETH: 0.0
current:
  Algo: 3.67595399999999
  USDC: 0.21019100000000002
  goBTC: 0.0
  goETH: 0.0
