total:
  Algo: 3.9655329999999847
  USDC: 0.8457650000000018
current:
  Algo: 0.0
  USDC: 0.0555
